iT time seros rhobarInletAvg rhobarInletAvgSmooth rhobarInletAvgSmoothGrad rhobarGlobalAvg rhobarGlobalAvgSmooth rhobarGlobalAvgSmoothGrad kineticEnergyAvg kineticEnergyAvgSmooth kineticEnergyAvgSmoothGrad diameter fluidCells wallCells volumeToSurfaceRatio
0 0 0 0.000779342 0.000779342 0 0 0.00039115 0 7.37704e-07 7.37704e-07 0 1 11676 1108 10.5379
1500 15 0 0.000623192 0.000623192 0 0.000314544 0.000314544 0 1.10697e-06 1.10697e-06 0 1 11676 1108 10.5379
3000 30 1 0.000606805 0.000621881 -1.31093e-06 0.000304119 0.00031371 -8.34035e-07 1.13213e-06 1.10898e-06 2.01274e-09 1.00104 11224 1064 10.5489
4500 45 2 0.000617643 0.000621542 -3.39008e-07 0.00031024 0.000313433 -2.77651e-07 1.14868e-06 1.11216e-06 3.17605e-09 0.996222 11044 1052 10.4981
6000 60 3 0.000627091 0.000621986 4.43946e-07 0.000315152 0.00031357 1.37557e-07 1.17104e-06 1.11687e-06 4.71029e-09 1.00122 10804 1024 10.5508
7500 75 4 0.000641786 0.00062357 1.58402e-06 0.000321621 0.000314214 6.44074e-07 1.19306e-06 1.12296e-06 6.09573e-09 0.986394 10644 1024 10.3945
9000 90 5 0.000644422 0.000625238 1.66813e-06 0.00032264 0.000314888 6.74093e-07 1.20807e-06 1.12977e-06 6.80867e-09 1.00193 10516 996 10.5582
10500 105 6 0.000645274 0.000626841 1.60288e-06 0.000322606 0.000315506 6.17423e-07 1.21067e-06 1.13624e-06 6.47153e-09 0.99888 10484 996 10.5261
12000 120 7 0.00064861 0.000628582 1.7415e-06 0.000324583 0.000316232 7.2621e-07 1.21661e-06 1.14267e-06 6.42954e-09 0.997933 10432 992 10.5161
13500 135 8 0.00064008 0.000629502 9.19771e-07 0.000320509 0.000316574 3.42169e-07 1.21232e-06 1.14824e-06 5.57148e-09 1.00197 10432 988 10.5587
15000 150 9 0.000644888 0.000630733 1.23085e-06 0.000323263 0.000317109 5.35086e-07 1.21569e-06 1.15364e-06 5.39594e-09 1.0018 10388 984 10.5569
16500 165 10 0.000639051 0.000631399 6.65447e-07 0.000319987 0.000317339 2.30182e-07 1.21317e-06 1.1584e-06 4.76214e-09 0.997748 10388 988 10.5142
18000 180 11 0.00064195 0.000632243 8.44117e-07 0.000321139 0.000317643 3.03971e-07 1.21636e-06 1.16304e-06 4.6368e-09 0.993906 10348 988 10.4737
19500 195 12 0.000642659 0.000633076 8.33318e-07 0.000321763 0.000317973 3.29564e-07 1.22076e-06 1.16766e-06 4.61771e-09 1.00185 10304 976 10.5574
21000 210 13 0.000639331 0.000633576 5.00376e-07 0.000320407 0.000318168 1.94687e-07 1.21788e-06 1.17167e-06 4.01767e-09 0.997759 10304 980 10.5143
22500 225 14 0.000639369 0.00063404 4.6343e-07 0.000320212 0.000318331 1.63536e-07 1.22043e-06 1.17557e-06 3.9007e-09 1.00207 10264 972 10.5597
24000 240 15 0.000635154 0.000634129 8.9121e-08 0.000318066 0.00031831 -2.12062e-08 1.21722e-06 1.17891e-06 3.33187e-09 1.00207 10264 972 10.5597
25500 255 16 0.00064562 0.000635048 9.1927e-07 0.000322872 0.000318675 3.64951e-07 1.22819e-06 1.18285e-06 3.9423e-09 0.998756 10188 968 10.5248
27000 270 17 0.000639193 0.00063538 3.31601e-07 0.00032002 0.000318783 1.07589e-07 1.22731e-06 1.18641e-06 3.55718e-09 1.00172 10176 964 10.556
28500 285 18 0.000645957 0.000636226 8.46173e-07 0.00032397 0.000319198 4.1499e-07 1.23231e-06 1.19008e-06 3.6727e-09 0.993658 10136 968 10.4711
30000 300 19 0.000655832 0.000637794 1.56849e-06 0.000328349 0.00031993 7.32124e-07 1.24618e-06 1.19457e-06 4.48804e-09 0.989906 10056 964 10.4315
31500 315 20 0.000649837 0.000638758 9.63403e-07 0.000326139 0.000320426 4.96731e-07 1.24374e-06 1.1985e-06 3.93368e-09 0.99403 10056 960 10.475
33000 330 21 0.000645949 0.000639333 5.75262e-07 0.000325313 0.000320817 3.90939e-07 1.24048e-06 1.20186e-06 3.35802e-09 0.997793 10052 956 10.5146
34500 345 22 0.00065153 0.000640309 9.75792e-07 0.000327493 0.000321351 5.34089e-07 1.24636e-06 1.20542e-06 3.56011e-09 0.989286 10008 960 10.425
36000 360 23 0.000645608 0.000640733 4.23932e-07 0.000324122 0.000321573 2.21654e-07 1.24448e-06 1.20854e-06 3.12492e-09 1.00101 10000 948 10.5485
37500 375 24 0.000643354 0.000640943 2.09735e-07 0.000322176 0.000321621 4.82038e-08 1.24123e-06 1.21116e-06 2.61469e-09 0.996802 10000 952 10.5042
39000 390 25 0.000644697 0.000641243 3.00345e-07 0.000323384 0.000321762 1.41003e-07 1.24367e-06 1.21376e-06 2.60069e-09 0.993612 9968 952 10.4706
40500 405 26 0.000651644 0.000642075 8.32097e-07 0.000326748 0.000322161 3.98888e-07 1.25302e-06 1.2169e-06 3.14123e-09 0.996001 9908 944 10.4958
42000 420 27 0.000645522 0.000642351 2.75741e-07 0.000324507 0.000322349 1.8764e-07 1.25019e-06 1.21956e-06 2.6629e-09 1.00024 9908 940 10.5404
43500 435 28 0.000644655 0.000642535 1.84311e-07 0.00032464 0.000322532 1.83286e-07 1.24768e-06 1.22181e-06 2.24934e-09 0.996001 9908 944 10.4958
45000 450 29 0.000642843 0.00064256 2.46659e-08 0.000322923 0.000322563 3.12615e-08 1.24838e-06 1.22394e-06 2.12552e-09 1.00208 9884 936 10.5598
46500 465 30 0.000656251 0.000643655 1.09532e-06 0.000328248 0.000323018 4.54739e-07 1.26346e-06 1.2271e-06 3.1615e-09 0.993564 9800 936 10.4701
48000 480 31 0.000651525 0.000644285 6.29609e-07 0.000326235 0.000323275 2.57382e-07 1.26345e-06 1.23001e-06 2.90819e-09 0.997014 9792 932 10.5064
49500 495 32 0.000648014 0.000644583 2.98318e-07 0.00032552 0.000323455 1.7956e-07 1.26025e-06 1.23243e-06 2.41908e-09 0.997014 9792 932 10.5064
51000 510 33 0.000650792 0.00064508 4.96759e-07 0.000325864 0.000323648 1.92704e-07 1.26425e-06 1.23497e-06 2.54613e-09 0.993348 9756 932 10.4678
52500 525 34 0.000649235 0.000645412 3.32394e-07 0.000325046 0.00032376 1.11825e-07 1.26282e-06 1.2372e-06 2.22768e-09 0.993348 9756 932 10.4678
54000 540 35 0.000643351 0.000645247 -1.64875e-07 0.000322225 0.000323637 -1.22736e-07 1.25892e-06 1.23894e-06 1.73745e-09 1.00195 9756 924 10.5584
55500 555 36 0.000649662 0.0006456 3.53143e-07 0.000326842 0.000323893 2.56386e-07 1.26448e-06 1.24098e-06 2.04362e-09 0.99354 9716 928 10.4698
57000 570 37 0.000652022 0.000646114 5.1373e-07 0.000327424 0.000324176 2.82433e-07 1.27127e-06 1.2434e-06 2.42331e-09 0.997641 9672 920 10.513
58500 585 38 0.000654679 0.000646799 6.8521e-07 0.000330015 0.000324643 4.67115e-07 1.27657e-06 1.24606e-06 2.65313e-09 1.00223 9632 912 10.5614
60000 600 39 0.000653024 0.000647297 4.97975e-07 0.000327713 0.000324888 2.4561e-07 1.27515e-06 1.24839e-06 2.32729e-09 0.993515 9632 920 10.4696
61500 615 40 0.000647802 0.000647338 4.03991e-08 0.000324525 0.000324859 -2.90367e-08 1.27257e-06 1.25032e-06 1.93471e-09 0.997024 9624 916 10.5066
63000 630 41 0.000662535 0.000648553 1.2158e-06 0.000332213 0.000325448 5.88285e-07 1.28734e-06 1.25328e-06 2.96125e-09 0.993489 9548 912 10.4693
64500 645 42 0.000656354 0.000649177 6.24012e-07 0.000328543 0.000325695 2.47606e-07 1.28612e-06 1.25591e-06 2.6275e-09 0.993489 9548 912 10.4693
66000 660 43 0.00065423 0.000649582 4.04213e-07 0.000329421 0.000325993 2.98045e-07 1.28298e-06 1.25807e-06 2.16567e-09 0.993489 9548 912 10.4693
67500 675 44 0.000649915 0.000649608 2.66398e-08 0.000328421 0.000326187 1.94194e-07 1.27897e-06 1.25975e-06 1.67204e-09 0.997866 9548 908 10.5154
69000 690 45 0.000655414 0.000650073 4.64489e-07 0.000330835 0.000326559 3.71767e-07 1.28532e-06 1.26179e-06 2.04555e-09 0.997663 9504 904 10.5133
70500 705 46 0.000661711 0.000651004 9.31075e-07 0.000332366 0.000327024 4.64552e-07 1.2934e-06 1.26432e-06 2.52903e-09 0.988669 9460 908 10.4185
72000 720 47 0.000653089 0.000651171 1.66776e-07 0.000326638 0.000326993 -3.08485e-08 1.28927e-06 1.26632e-06 1.99589e-09 1.00191 9460 896 10.558
73500 735 48 0.000653966 0.000651394 2.23613e-07 0.00032809 0.000327081 8.77668e-08 1.28664e-06 1.26794e-06 1.62574e-09 0.993044 9460 904 10.4646
75000 750 49 0.000648974 0.000651201 -1.93594e-07 0.000325638 0.000326965 -1.15395e-07 1.28352e-06 1.26919e-06 1.24605e-09 0.997457 9460 900 10.5111
76500 765 50 0.000653019 0.000651346 1.45475e-07 0.000328506 0.000327089 1.23264e-07 1.28836e-06 1.27072e-06 1.53392e-09 1.00215 9420 892 10.5605
78000 780 51 0.00065925 0.000651978 6.32299e-07 0.000331593 0.000327449 3.60344e-07 1.29671e-06 1.2728e-06 2.07934e-09 0.993014 9376 896 10.4643
79500 795 52 0.000655251 0.00065224 2.61829e-07 0.000329382 0.000327604 1.54611e-07 1.29475e-06 1.27456e-06 1.7558e-09 0.997467 9376 892 10.5112
81000 810 53 0.000659094 0.000652789 5.48303e-07 0.00033313 0.000328046 4.42155e-07 1.29998e-06 1.27659e-06 2.03355e-09 0.997685 9336 888 10.5135
82500 825 54 0.000655903 0.000653038 2.49157e-07 0.000329614 0.000328171 1.25474e-07 1.29912e-06 1.27839e-06 1.80226e-09 1.00134 9328 884 10.552
84000 840 55 0.000660992 0.000653674 6.36334e-07 0.00033146 0.000328434 2.63122e-07 1.30465e-06 1.28049e-06 2.10074e-09 0.992983 9292 888 10.464
85500 855 56 0.000656025 0.000653862 1.88089e-07 0.000328085 0.000328406 -2.79305e-08 1.30165e-06 1.28219e-06 1.69274e-09 0.997476 9292 884 10.5113
87000 870 57 0.000662029 0.000654516 6.53345e-07 0.000332075 0.0003287 2.93524e-07 1.30799e-06 1.28425e-06 2.06408e-09 0.993182 9252 884 10.4661
88500 885 58 0.000666483 0.000655473 9.57372e-07 0.000335787 0.000329267 5.66943e-07 1.31541e-06 1.28674e-06 2.49249e-09 0.993383 9212 880 10.4682
90000 900 59 0.000662667 0.000656048 5.75521e-07 0.000332804 0.00032955 2.83009e-07 1.31396e-06 1.28892e-06 2.17764e-09 0.992952 9208 880 10.4636
91500 915 60 0.000658632 0.000656255 2.06674e-07 0.000330886 0.000329657 1.06878e-07 1.30993e-06 1.2906e-06 1.68088e-09 0.997486 9208 876 10.5114
93000 930 61 0.000662118 0.000656724 4.68994e-07 0.000332456 0.000329881 2.23919e-07 1.31551e-06 1.29259e-06 1.99227e-09 0.997709 9168 872 10.5138
94500 945 62 0.000662886 0.000657217 4.92962e-07 0.000332494 0.00033009 2.09066e-07 1.3171e-06 1.29455e-06 1.96055e-09 0.99142 9152 876 10.4475
96000 960 63 0.000660002 0.00065744 2.22827e-07 0.000330625 0.000330133 4.28582e-08 1.31455e-06 1.29615e-06 1.59938e-09 0.995968 9152 872 10.4954
97500 975 64 0.000664381 0.000657995 5.55291e-07 0.000331622 0.000330252 1.19178e-07 1.31918e-06 1.298e-06 1.84197e-09 0.988387 9124 876 10.4155
99000 990 65 0.000664714 0.000658533 5.37481e-07 0.000331584 0.000330358 1.06597e-07 1.32457e-06 1.30012e-06 2.12596e-09 1.00236 9084 860 10.5628
100500 1005 66 0.000665727 0.000659108 5.75539e-07 0.000332862 0.000330559 2.00322e-07 1.32398e-06 1.30203e-06 1.90856e-09 0.988567 9084 872 10.4174
102000 1020 67 0.000670503 0.00066002 9.11581e-07 0.000335319 0.000330939 3.80801e-07 1.33159e-06 1.3044e-06 2.36453e-09 0.988313 9040 868 10.4147
103500 1035 68 0.000666327 0.000660524 5.04544e-07 0.000334415 0.000331217 2.78008e-07 1.32941e-06 1.3064e-06 2.00114e-09 0.997506 9040 860 10.5116
105000 1050 69 0.000673871 0.000661592 1.0677e-06 0.000338642 0.000331811 5.93951e-07 1.3374e-06 1.30888e-06 2.48056e-09 0.988495 9000 864 10.4167
106500 1065 70 0.000667071 0.00066203 4.38304e-07 0.000333846 0.000331974 1.62745e-07 1.33399e-06 1.31089e-06 2.00932e-09 0.997733 9000 856 10.514
108000 1080 71 0.000666452 0.000662384 3.53706e-07 0.000334746 0.000332196 2.2175e-07 1.33109e-06 1.3125e-06 1.61642e-09 0.993534 9004 860 10.4698
109500 1095 72 0.000665115 0.000662602 2.18462e-07 0.000333784 0.000332323 1.27055e-07 1.33114e-06 1.31399e-06 1.49063e-09 0.99221 8992 860 10.4558
111000 1110 73 0.00066175 0.000662534 -6.82231e-08 0.000332522 0.000332339 1.59326e-08 1.32812e-06 1.31512e-06 1.13053e-09 0.996846 8992 856 10.5047
112500 1125 74 0.000679496 0.000663891 1.3569e-06 0.00033978 0.000332934 5.953e-07 1.34714e-06 1.31769e-06 2.56116e-09 0.987978 8912 856 10.4112
114000 1140 75 0.000672892 0.000664611 7.20031e-07 0.000337619 0.000333309 3.74778e-07 1.34486e-06 1.31986e-06 2.17388e-09 0.992616 8912 852 10.4601
115500 1155 76 0.000670373 0.000665072 4.60953e-07 0.000338087 0.000333691 3.82264e-07 1.34198e-06 1.32163e-06 1.7695e-09 0.997298 8912 848 10.5094
117000 1170 77 0.0006707 0.000665522 4.50252e-07 0.000337786 0.000334019 3.27588e-07 1.3407e-06 1.32315e-06 1.52549e-09 0.987978 8912 856 10.4112
118500 1185 78 0.00067368 0.000666175 6.52614e-07 0.000338076 0.000334343 3.24588e-07 1.34735e-06 1.32509e-06 1.93556e-09 0.992822 8872 848 10.4623
120000 1200 79 0.000678994 0.000667201 1.0255e-06 0.00034052 0.000334838 4.94147e-07 1.35613e-06 1.32757e-06 2.48354e-09 0.997307 8828 840 10.5095
121500 1215 80 0.00067878 0.000668127 9.26398e-07 0.000340877 0.000335321 4.83133e-07 1.35569e-06 1.32982e-06 2.24916e-09 0.987898 8828 848 10.4104
123000 1230 81 0.000674804 0.000668661 5.34173e-07 0.000340035 0.000335698 3.7711e-07 1.35293e-06 1.33167e-06 1.84902e-09 0.99258 8828 844 10.4597
124500 1245 82 0.000673316 0.000669034 3.72414e-07 0.000340361 0.000336071 3.73027e-07 1.35103e-06 1.33322e-06 1.54832e-09 0.99258 8828 844 10.4597
126000 1260 83 0.00067049 0.00066915 1.16516e-07 0.000338576 0.000336271 2.00432e-07 1.34868e-06 1.33446e-06 1.23652e-09 0.987898 8828 848 10.4104
127500 1275 84 0.000676269 0.00066972 5.69509e-07 0.000340861 0.000336638 3.6718e-07 1.35649e-06 1.33622e-06 1.76252e-09 0.992788 8788 840 10.4619
129000 1290 85 0.000671322 0.000669848 1.28175e-07 0.000339136 0.000336838 1.99798e-07 1.35361e-06 1.33761e-06 1.39107e-09 0.997538 8788 836 10.512
130500 1305 86 0.000679692 0.000670635 7.87549e-07 0.0003453 0.000337515 6.76978e-07 1.36207e-06 1.33957e-06 1.95707e-09 0.997315 8744 832 10.5096
132000 1320 87 0.000679632 0.000671355 7.19725e-07 0.000344295 0.000338058 5.42379e-07 1.36326e-06 1.34146e-06 1.89525e-09 0.991635 8736 836 10.4498
